%YAML:1.0
---
width: 200
height: 200
tl_x: 200
tl_y: 136
pyramid_level: 0
features:
   - [ 173, 142, 1 ]
   - [ 162, 165, 1 ]
   - [ 179, 95, 0 ]
   - [ 138, 194, 2 ]
   - [ 117, 2, 5 ]
   - [ 170, 60, 7 ]
   - [ 176, 78, 7 ]
   - [ 179, 115, 0 ]
   - [ 132, 11, 5 ]
   - [ 159, 39, 7 ]
   - [ 120, 91, 1 ]
   - [ 90, 142, 1 ]
   - [ 196, 78, 0 ]
   - [ 192, 125, 0 ]
   - [ 95, 161, 1 ]
   - [ 190, 58, 7 ]
   - [ 148, 26, 6 ]
   - [ 2, 4, 3 ]
   - [ 102, 108, 1 ]
   - [ 183, 42, 6 ]
   - [ 189, 153, 1 ]
   - [ 193, 106, 7 ]
   - [ 11, 155, 5 ]
   - [ 74, 156, 5 ]
   - [ 128, 69, 2 ]
   - [ 52, 34, 5 ]
   - [ 51, 148, 5 ]
   - [ 168, 20, 6 ]
   - [ 102, 72, 5 ]
   - [ 83, 65, 5 ]
   - [ 109, 184, 5 ]
   - [ 106, 129, 1 ]
   - [ 34, 28, 5 ]
   - [ 146, 70, 5 ]
   - [ 163, 195, 2 ]
   - [ 105, 50, 6 ]
   - [ 69, 38, 2 ]
   - [ 153, 4, 6 ]
   - [ 62, 174, 4 ]
   - [ 93, 30, 6 ]
   - [ 48, 112, 1 ]
   - [ 19, 8, 3 ]
   - [ 55, 90, 1 ]
   - [ 39, 2, 3 ]
   - [ 193, 7, 5 ]
   - [ 88, 3, 5 ]
   - [ 31, 180, 5 ]
   - [ 84, 109, 5 ]
   - [ 53, 73, 1 ]
   - [ 47, 182, 3 ]
   - [ 38, 67, 1 ]
   - [ 38, 93, 5 ]
   - [ 20, 122, 1 ]
   - [ 174, 5, 4 ]
   - [ 195, 171, 4 ]
   - [ 13, 77, 5 ]
   - [ 5, 101, 5 ]
   - [ 143, 120, 5 ]
   - [ 137, 142, 5 ]
   - [ 88, 91, 5 ]
   - [ 77, 132, 5 ]
   - [ 66, 119, 4 ]
   - [ 177, 167, 1 ]
   - [ 24, 99, 2 ]
   - [ 73, 96, 6 ]
